[soe][Equalizer#0]
numBands=15

[soe][Equalizer#0#left]
band0Frequency=25.848931924611133
band0Gain=6
band0Q=2.209713863811956
band0Type=3
band10Frequency=2584.8931924611115
band10Gain=2
band10Q=2.209713863811956
band10Type=3
band11Frequency=4096.77962397069
band11Gain=4
band11Q=2.209713863811956
band11Type=3
band12Frequency=6492.958137044547
band12Gain=6
band12Q=2.21
band12Type=3
band13Frequency=10290.645150336895
band13Gain=4
band13Q=2.209713863811956
band13Type=3
band14Frequency=16309.573444801914
band14Gain=2
band14Q=2.209713863811955
band14Type=3
band15Type=0
band16Type=0
band17Type=0
band18Type=0
band19Type=0
band1Frequency=40.96779623970693
band1Gain=4
band1Q=2.209713863811956
band1Type=3
band20Type=0
band21Type=0
band22Type=0
band23Type=0
band24Type=0
band25Type=0
band26Type=0
band27Type=0
band28Type=0
band29Type=0
band2Frequency=64.9295813704455
band2Gain=3
band2Q=2.2097138638119556
band2Type=3
band30Type=0
band31Type=0
band3Frequency=102.90645150336901
band3Gain=1
band3Q=2.209713863811956
band3Type=3
band4Frequency=163.09573444801924
band4Q=2.2097138638119556
band4Type=3
band5Frequency=258.4893192461112
band5Gain=-1
band5Q=2.209713863811955
band5Type=3
band6Frequency=409.67796239706917
band6Gain=1
band6Q=2.2097138638119556
band6Type=3
band7Frequency=649.295813704455
band7Gain=-1
band7Q=2.2097138638119556
band7Type=3
band8Frequency=1029.06451503369
band8Q=2.2097138638119556
band8Type=3
band9Frequency=1630.9573444801922
band9Q=2.209713863811956
band9Type=3

[soe][Equalizer#0#right]
band0Frequency=25.848931924611133
band0Gain=6
band0Q=2.209713863811956
band0Type=3
band10Frequency=2584.8931924611115
band10Gain=2
band10Q=2.209713863811956
band10Type=3
band11Frequency=4096.77962397069
band11Gain=4
band11Q=2.209713863811956
band11Type=3
band12Frequency=6492.958137044547
band12Gain=6
band12Q=2.21
band12Type=3
band13Frequency=10290.645150336895
band13Gain=4
band13Q=2.209713863811956
band13Type=3
band14Frequency=16309.573444801914
band14Gain=2
band14Q=2.209713863811955
band14Type=3
band15Type=0
band16Type=0
band17Type=0
band18Type=0
band19Type=0
band1Frequency=40.96779623970693
band1Gain=4
band1Q=2.209713863811956
band1Type=3
band20Type=0
band21Type=0
band22Type=0
band23Type=0
band24Type=0
band25Type=0
band26Type=0
band27Type=0
band28Type=0
band29Type=0
band2Frequency=64.9295813704455
band2Gain=3
band2Q=2.2097138638119556
band2Type=3
band30Type=0
band31Type=0
band3Frequency=102.90645150336901
band3Gain=1
band3Q=2.209713863811956
band3Type=3
band4Frequency=163.09573444801924
band4Q=2.2097138638119556
band4Type=3
band5Frequency=258.4893192461112
band5Gain=-1
band5Q=2.209713863811955
band5Type=3
band6Frequency=409.67796239706917
band6Gain=1
band6Q=2.2097138638119556
band6Type=3
band7Frequency=649.295813704455
band7Gain=-1
band7Q=2.2097138638119556
band7Type=3
band8Frequency=1029.06451503369
band8Q=2.2097138638119556
band8Type=3
band9Frequency=1630.9573444801922
band9Q=2.209713863811956
band9Type=3
